99, 0, 1, 0
91, 8, 1, 0
91, 8, 0, 1
91, 0, 8, 1
75, 16, 8, 1
75, 16, 0, 9
75, 0, 16, 9
58, 17, 16, 9
58, 17, 0, 25
58, 0, 17, 25
37, 21, 17, 25
37, 21, 0, 42
37, 0, 21, 42
20, 17, 21, 42
20, 17, 0, 63
20, 0, 17, 63
10, 10, 17, 63
10, 10, 0, 80
10, 0, 10, 80
0, 10, 10, 80
0, 10, 0, 90
0, 0, 10, 90
0, 0, 10, 90
0, 0, 0, 100
